 1     .000   .00000        1   .99000  1.00000
 1     .000   .25000        1   .74000   .74747
 2    1.850   .27215        1   .71785   .72510
 3    3.700   .29428        1   .69572   .70275
 4    5.550   .31638        1   .67362   .68043
 5    7.400   .33842        1   .65158   .65816
 6    9.250   .36039        1   .62961   .63597
 7   11.100   .38228        1   .60772   .61386
 8   12.950   .40406        1   .58594   .59186
 9   14.800   .42571        1   .56429   .56999
10   16.650   .44723        1   .54277   .54826
11   18.500   .46858        1   .52142   .52669
12   20.350   .48976        1   .50024   .50529
13   22.200   .51074        1   .47926   .48410
14   24.050   .53152        1   .45848   .46311
15   25.900   .55206        1   .43794   .44236
16   27.750   .57236        1   .41764   .42186
17   29.600   .59239        1   .39761   .40163
18   31.450   .61214        1   .37786   .38168
19   33.300   .63159        1   .35841   .36203
20   35.150   .65072        1   .33928   .34271
21   37.000   .66952        1   .32048   .32372
22   38.850   .68796        1   .30204   .30509
23   40.700   .70603        1   .28397   .28684
24   42.550   .72372        1   .26628   .26897
25   44.400   .74100        1   .24900   .25152
26   46.250   .75785        1   .23215   .23449
27   48.100   .77427        1   .21573   .21791
28   49.950   .79022        1   .19978   .20180
29   51.800   .80570        1   .18430   .18616
30   53.650   .82069        1   .16931   .17102
31   55.500   .83516        1   .15484   .15640
32   57.350   .84910        1   .14090   .14232
33   59.200   .86250        1   .12750   .12879
34   61.050   .87533        1   .11467   .11583
35   62.900   .88758        1   .10242   .10345
36   64.750   .89923        1   .09077   .09168
37   66.600   .91027        1   .07973   .08054
38   68.450   .92066        1   .06934   .07004
39   70.300   .93041        1   .05959   .06019
40   72.150   .93948        1   .05052   .05103
41   74.000   .94787        1   .04213   .04256
42   75.850   .95555        1   .03445   .03480
43   77.700   .96250        1   .02750   .02777
44   79.550   .96872        1   .02128   .02150
45   81.400   .97418        1   .01582   .01598
46   83.250   .97886        1   .01114   .01126
47   85.100   .98274        1   .00726   .00733
48   86.950   .98582        1   .00418   .00422
49   88.800   .98806        1   .00194   .00196
50   90.650   .98946        1   .00054   .00054
51   92.500   .98999        1   .00001   .00001
52   94.350   .99000        1   .00000   .00000
53   96.200   .99000        1   .00000   .00000
54   98.050   .99000        1   .00000   .00000
55   99.900   .99000        1   .00000   .00000
56  101.750   .99000        1   .00000   .00000
57  103.600   .99000        1   .00000   .00000
58  105.450   .99000        1   .00000   .00000
59  107.300   .99000        1   .00000   .00000
60  109.150   .99000        1   .00000   .00000
61  111.000   .99000        1   .00000   .00000
62  112.850   .99000        1   .00000   .00000
63  114.700   .99000        1   .00000   .00000
64  116.550   .99000        1   .00000   .00000
65  118.400   .99000        1   .00000   .00000
66  120.250   .99000        1   .00000   .00000
67  122.100   .99000        1   .00000   .00000
68  123.950   .99000        1   .00000   .00000
69  125.800   .99000        1   .00000   .00000
70  127.650   .99000        1   .00000   .00000
71  129.500   .99000        1   .00000   .00000
